```csv
"Poppy","Afghanistan","Burma","Colombia","Guatemala","Laos","Mexico","Pakistan","Coca","Bolivia","Colombia","Peru","Total Coca","Cannabis","Mexico"
"2009",,"1,100",,940,,705,,29,000,116,000,40,000,185,000,,12,000
"2010",,"1,100",,1,800,,755,,29,000,100,000,53,000,182,000,,11,500
"2011",,"1,100",,4,400,,755,,25,500,83,000,49,500,158,000,,11,500
"2012",,"",,220,,12,000,,25,000,78,000,50,500,153,500,,13,000
"2013",,"",,310,,11,000,,27,000,80,500,59,500,167,000,,11,000
"2014",,"",,640,,17,000,,35,000,112,000,46,500,193,500,,11,000
"2015",,"",,260,,28,000,,36,500,159,000,53,000,248,500,,11,000
"2016",,"",,310,,32,000,,37,500,188,000,44,000,269,500,,11,500
"2017",,"",,4,200,,44,100,,31,000,209,000,49,800,289,800,,11,500
```