Freehold land,"Buildings","Leasehold","Plant and","Computer","Vehicles","Office","Electrical","Furniture and","Total"
348,7102,2257,501,6786,34,2221,1831,1640,22720
-3,335,236,56,1120,7,200,130,150,2230
1,5,5,2,-25,-,2,4,10,-
345,7429,2403,552,7687,39,2377,1935,1755,24522
-1821,-1283,-122,-5292,-28,-1720,-1004,-1234,-12504
-374,-205,-54,-820,-4,-245,-147,-168,-2017
-,-10,94,2,194,1,46,23,413
-,-2,2,12,-,-,-,-,-3
-,-2187,-1396,-172,-5906,-31,-1921,-1132,-1366,-14111
345,5242,1007,380,1781,8,456,803,389,10411