AWD-LSTM,GPT-2,KGLM,Oracle,NEL
nation-capital,0/0,6/7,0/0,0/4
birthloc,0/9,14 /14,94 /95,85/92
birthdate,0/25,8/9,65 /68,61/67
spouse,0/0,2/3,2/2,1/19
city-state,0/13,62/62,9/59,4/59
book-author,0/2,0/0,61 /62,25/28
Average,0.0/8.2,15.3/15.8,38.5/47.7,29.3/44.8
