```csv
Accident Year,"2012*","2013*","2014*","2015*","2016*","2017*","2018*","2019*","2020*","2021","IBNR and Case Development Liabilities"
2012,$2,792,$2,974,$2,808,$2,871,$2,799,$2,686,$2,619,$2,562,$2,556,$2,557,$372
2013,,2,132,2,268,2,298,2,141,2,086,2,032,1,937,1,865,1,837,331
2014,,1,872,2,069,2,038,2,001,1,915,1,952,1,942,1,847,,431
2015,,1,877,2,082,2,109,2,008,1,882,1,844,1,817,,395
2016,,1,906,2,115,2,115,2,023,1,980,1,900,1,843,,451
2017,,2,193,2,685,2,563,2,470,2,383,,582
2018,,2,924,3,559,3,482,3,340,,904
2019,,3,429,3,901,3,780,,1,521
2020,,3,861,3,987,,2,147
2021,,3,744,,2,584
"Incurred losses and ALAE","$27,135"
```