```csv
"Accident Year","2012*","2013*","2014*","2015*","2016*","2017*","2018*","2019*","2020*","2021","IBNR and Case Development Liabilities","Cumulative Number of Reported Claims (in thousands)"
"2012",1336,1306,1277,1223,1168,1078,1035,998,988,971,51,11
"2013",1328,1296,1261,1195,1127,1086,1019,985,978,1033,62,11
"2014",1370,1375,1305,1246,1218,1127,1061,1093,1033,136,11
"2015",1374,1342,1269,1290,1218,1157,1157,1157,1093,136,12
"2016",1392,1416,1414,1394,1341,1288,1288,1288,1288,213,15
"2017",1466,1466,1499,1499,1495,1474,1474,1474,1382,328,21
"2018",1602,1602,1650,1650,1659,1580,1580,1580,1580,495,23
"2019",1670,1670,1691,1691,1663,1663,1663,1663,1663,869,20
"2020",1704,1704,1751,1751,1751,1751,1751,1751,1751,1751,1319,27
"2021",1852,1852,1672,1672,1672,1672,1672,1672,1672,1672,1672,15
"Incurred losses and ALAE",13591,""
```