```csv
"Accident Year","2012*","2013*","2014*","2015*","2016*","2017*","2018*","2019*","2020*","2021","IBNR and Case Development Liabilities"
"2012",3129,2822,2621,2382,2330,2327,2309,2294,2285,2305,31
"2013",3198,3035,2690,2600,2579,2520,2469,2469,2455,2453,29
"2014",2619,2408,2297,2154,2100,2100,2028,2028,1999,1996,33
"2015",3256,3103,2546,2950,2948,2971,2975,2948,2971,2975,154
"2016",3261,3890,3890,3616,3585,3589,3589,3585,3589,3578,112
"2017",5253,4953,4953,4806,4698,4631,4631,4698,4698,4631,141
"2018",4375,4467,4467,4344,4227,4227,4227,4344,4344,4227,461
"2019",4065,4065,4065,4065,4065,4065,4065,4065,4065,4065,541
"2020",5795,6048,6048,6048,6048,6048,6048,6048,6048,6048,1504
"2021",6669,6669,6669,6669,6669,6669,6669,6669,6669,6669,3405
"Incurred losses and ALAE",38874,""
```