Total tuples,"zh-en","en-zh","cs-en","fi-en","ru-en","tr-en","de-en","en-de","en-cs","en-es","en-fi","en-et","en-ru","et-en"
Avg. tokens (reference),"zh-en",28.86,24.04,21.98,23.29,19.50,23.54,20.15,23.40,"cs-en",23.86,18.67,21.37,18.80,21.95,22.67,24.82,25.24,22.82,18.15,24.37,17.15,21.86,23.52,"fi-en",27.45,21.79,20.46,25.25,22.80,22.64,19.73,23.74,18.37,20.46,25.25,22.80,22.64,19.73,23.74
Avg. tokens (source),"zh-en",28.86,24.04,21.98,23.29,19.50,23.54,20.15,23.40,"cs-en",23.86,18.67,21.37,18.80,21.95,22.67,24.82,25.24,22.82,18.15,24.37,17.15,21.86,23.52,"fi-en",27.45,21.79,20.46,25.25,22.80,22.64,19.73,23.74,18.37,20.46,25.25,22.80,22.64,19.73,23.74
Avg. tokens (MT),"zh-en",28.86,24.04,21.98,23.29,19.50,23.54,20.15,23.40,"cs-en",23.86,18.67,21.37,18.80,21.95,22.67,24.82,25.24,22.82,18.15,24.37,17.15,21.86,23.52,"fi-en",27.45,21.79,20.46,25.25,22.80,22.64,19.73,23.74,18.37,20.46,25.25,22.80,22.64,19.73,23.74
Total tuples,33357,28602,5110,15648,10404,77811,5413,19711,5413,5413,5413,5413,5413,5413,5413,5413
Avg. tokens (reference),28.86,24.04,21.98,23.29,19.50,23.54,20.15,23.40,23.54,23.54,23.54,23.54,23.54,23.54,23.54,23.54
Avg. tokens (source),23.86,18.67,21.37,15.03,18.80,21.95,22.67,24.82,22.67,22.67,22.67,22.67,22.67,22.67,22.67,22.67
Avg. tokens (MT),27.45,21.79,20.46,25.25,22.80,22.64,19.73,23.74,22.64,22.64,22.64,22.64,22.64,22.64,22.64,22.64
Total tuples,56721,1358,22181,9809,32202,19711,5413,19711,5413,5413,5413,5413,5413,5413,5413,5413
Avg. tokens (reference),56721,1358,22181,9809,32202,19711,5413,19711,5413,5413,5413,5413,5413,5413,5413,5413
Avg. tokens (source),23.40,20.15,16.32,21.81,25.24,24.82,22.82,24.82,22.82,22.82,22.82,22.82,22.82,22.82,22.82,22.82
Avg. tokens (MT),23.52,21.86,19.61,23.52,23.52,23.52,23.52,23.52,23.52,23.52,23.52,23.52,23.52,23.52,23.52,23.52