en-cs 27178 31820 11355 18172 24334 17401 18658 1369 23194 4862
en-de 99840 31820 11355 18172 24334 17401 18658 1369 23194 4862
en-fi 25.65 20.12 18.89 23.32 24.79 9.25 22.68 22.27 27.32
en-gu 24.97 25.23 24.32 23.78 24.45 24.45 28.60 25.22 21.36
en-kk 24.98 25.23 24.32 23.78 24.45 24.45 28.60 25.22 21.36
en-ru 22.60 24.98 23.92 23.37 20.97 20.97 23.37 6.83 23.36
en-it 24.98 25.23 24.32 23.78 24.45 24.45 28.60 25.22 21.36
en-zh 24.98 25.23 24.32 23.78 24.45 24.45 28.60 25.22 21.36
de-fr 25.68 25.68 25.68 25.68 25.68 25.68 25.68 25.68 25.68
Total tuples
Avg. tokens (reference)
Avg. tokens (source)
Avg. tokens (MT)