```csv
Notional contract amount,Trading,$m,Hedging,$m,Trading,$m,Hedging,$m,Total,$m,Trading,$m,Hedging,$m,Total,$m
Foreign exchange,7,606,446,35,021,106,696,309,107,005,108,903,1,182,110,085
Interest rate,15,240,867,157,436,249,204,1,914,251,118,236,594,2,887,239,481
Equities,652,288,14,043,14,043,15,766,15,766
Credit,269,401,2,590,2,590,3,682,3,682
Commodity and other,120,259,2,073,2,073,3,090,3,090
Gross total fair values,23,889,261,192,457,374,606,2,223,376,829,368,035,4,069,372,104
Offset (Note 30),,,-,,-,(69,103),,-,,-,(69,103)
At 31 Dec 2020,23,889,261,192,457,374,606,2,223,307,726,368,035,4,069,303,001
```