```csv
2020,2019,Accruals and deferred income,Settlement accounts,Cash collateral and margin payables,Endorsements and acceptances,Employee benefit liabilities (Note 5),Lease liabilities,Other liabilities,At 31 Dec
10406,11808,,13008,65557,10293,2025,4614,22721,128624,,118156
,,,14356,,56646,,10127,,4604,,118156
,,,65557,,10293,,2025,,4614,,128624
,,,56646,,10127,,1771,,4604,,118156
,,,10293,,2025,,4614,,22721,,128624
,,,10127,,1771,,4604,,18844,,118156
,,,2025,,4614,,22721,,128624,,118156
,,,1771,,4604,,18844,,118156
,,,4614,,4604,,22721,,128624,,118156
,,,4604,,4604,,18844,,118156
,,,22721,,18844,,128624,,118156
,,,18844,,118156,,128624,,118156
,,,128624,,118156,,118156,,118156
```