```tsv
Corporate and commercial,Gross carrying amount,Of which: real estate¹,Non-bank financial institutions,Total,Corporate and commercial,Of which: real estate¹,Non-bank financial institutions,Total
Corporate and commercial,$m,$m,$m,$m,$m,$m,$m,$m
Europe,179,104,26,505,22,176,201,280,(3,918),(632),(185),(4,103)
UK,128,933,18,890,16,165,145,098,(2,958),(574),(147),(3,105)
France,32,278,5,740,3,557,35,835,(645),(40),(26),(671)
Germany,8,309,364,1,156,9,465,(125),–,(3),(128)
Switzerland,1,489,576,513,2,002,(14),–,–,(14)
other,8,095,935,785,8,880,(176),(18),(9),(185)
Asia,257,942,82,359,31,637,289,579,(2,766),(162),(38),(2,804)
Hong Kong,162,039,64,216,18,406,180,445,(1,180),(83),(15),(1,195)
Australia,9,769,1,813,1,348,11,117,(95),(2),–,(95)
India,7,223,1,951,3,075,10,298,(90),(18),(4),(94)
Indonesia,3,699,81,246,3,945,(229),(2),0,(229)
mainland China,28,443,6,251,7,128,35,571,(187),(23),(18),(205)
Malaysia,7,228,1,968,123,7,351,(86),(27),–,(86)
Singapore,18,859,4,637,362,19,221,(782),(2),–,(782)
Taiwan,6,115,50,60,6,175,0,–,–,0
other,14,567,1,392,889,15,456,(117),(5),(1),(118)
Middle East and North Africa (excluding Saudi Arabia),24,625,1,839,379,25,004,(1,512),(187),(9),(1,521)
Egypt,2,162,37,13,2,175,(157),(7),(3),(160)
UAE,13,485,1,690,170,13,655,(1,019),(176),(2),(1,021)
other,8,978,112,196,9,174,(336),(4),(4),(340)
North America,53,386,14,491,9,292,62,678,(637),(73),(23),(660)
US,30,425,7,722,7,708,38,133,(367),(38),(3),(370)
Canada,22,361,6,645,1,440,23,801,(243),(27),(9),(252)
other,600,124,144,744,(27),(8),(11),(38)
Latin America,12,031,1,833,1,096,13,127,(661),(113),(10),(671)
Mexico,10,244,1,832,1,083,11,327,(589),(113),(10),(599)
other,1,787,1,13,1,800,(72),–,–,(72)
At 31 Dec 2020,527,088,127,027,64,580,591,668,(9,494),(1,167),(265),(9,759)
Corporate and commercial,$m,$m,$m,$m,$m,$m,$m,$m
Europe,175,215,26,587,26,497,201,712,(2,304),(354),(81),(2,385)
UK,126,760,18,941,18,545,145,305,(1,629),(303),(26),(1,655)
France,27,885,5,643,4,899,32,784,(423),(28),(52),(475)
Germany,9,771,390,1,743,11,514,(60),–,–,(60)
Switzerland,1,535,554,406,1,941,(1),–,–,(1)
other,9,264,1,059,904,10,168,(191),(23),(3),(194)
Asia,267,709,85,556,32,157,299,866,(1,449),(94),(52),(1,501)
Hong Kong,168,380,67,856,19,776,188,156,(750),(51),(40),(790)
Australia,11,428,1,993,1,743,13,171,(70),(3),–,(70)
India,6,657,1,565,2,622,9,279,(49),(3),(1),(50)
Indonesia,4,346,63,353,4,699,(222),(1),(2),(224)
mainland China,26,594,5,304,5,911,32,505,(198),(29),(8),(206)
Malaysia,6,914,1,597,230,7,144,(40),(2),–,(40)
Singapore,19,986,5,235,618,20,604,(60),(2),–,(60)
Taiwan,6,384,28,82,6,466,(2),–,–,(2)
other,17,020,1,915,822,17,842,(58),(3),(1),(59)
Middle East and North Africa (excluding Saudi Arabia),23,447,1,816,288,23,735,(1,087),(181),(13),(1,100)
Egypt,1,889,35,16,1,905,(132),–,(3),(135)
UAE,13,697,1,695,122,13,819,(683),(179),(7),(690)
other,7,861,86,150,8,011,(272),(2),(3),(275)
North America,59,680,15,128,10,078,69,758,(274),(43),(11),(285)
US,34,477,8,282,8,975,43,452,(116),(14),(2),(118)
Canada,24,427,6,556,979,25,406,(136),(10),(4),(140)
other,776,290,124,900,(22),(19),(5),(27)
Latin America,14,448,1,665,1,685,16,133,(324),(8),(3),(327)
Mexico,12,352,1,664,1,625,13,977,(221),(8),(3),(224)
other,2,096,1,60,2,156,(103),–,–,(103)
At 31 Dec 2019,540,499,130,752,70,705,611,204,(5,438),(680),(160),(5,598)
```