```csv
Year,Afghanistan,Burma,Colombia,Guatemala,Laos,Mexico,Pakistan,Bolivia,Colombia,Peru,Total Coca,Mexico
2011,,36500,,220,4400,12000,755,25500,83000,49500,158000,12000
2012,180000,51000,,310,,10500,4300,25000,78000,50500,153500,11500
2013,198000,52000,800,640,,80500,27000,27000,80500,59500,167000,13000
2014,211000,,800,17000,260,,35000,112000,46500,193500,11000
2015,201000,44800,1100,260,,36500,930,159000,188000,53000,248500,11000
2016,207000,,1100,310,4200,32000,1400,37500,188000,44000,269500,11500
2017,329000,,663,232,,44100,31000,209000,49800,44000,289800,11500
2018,221000,,187,187,41800,,52100,208000,52100,293000,11500
2019,160000,,In process,,30400,,72000,212000,72000,326200,11500
```