August 31, 2020,August 31, 2019 (1),Deferred tax assets,Pensions,Revenue recognition,Compensation and benefits,Share-based compensation,Tax credit carryforwards,Net operating loss carryforwards,Deferred amortization deductions,Indirect effects of unrecognized tax benefits,Licenses and other intangibles,Leases,Other,Total deferred tax assets,Valuation allowance,Deferred tax assets, net of valuation allowance,Deferred tax liabilities,Investments in subsidiaries,Intangibles,Leases,Other,Total deferred tax liabilities,Net deferred tax assets
August 31, 2020,August 31, 2019 (1),"Deferred tax assets","Pensions","Revenue recognition","Compensation and benefits","Share-based compensation","Tax credit carryforwards","Net operating loss carryforwards","Deferred amortization deductions","Indirect effects of unrecognized tax benefits","Licenses and other intangibles","Leases","Other","Total deferred tax assets","Valuation allowance","Deferred tax assets, net of valuation allowance","Deferred tax liabilities","Investments in subsidiaries","Intangibles","Leases","Other","Total deferred tax liabilities","Net deferred tax assets"
443231,446920,"Pensions",115287,115529,574349,623986,334061,659835,159506,828098,279105,1752612,729787,280883,6156754,-757799,5398955,-169752,-298181,-669005,-288574,-1425512,3973443
115287,115529,"Revenue recognition",443231,574349,115529,623986,334061,659835,159506,828098,279105,1752612,729787,280883,6156754,-757799,5398955,-169752,-298181,-669005,-288574,-1425512,3973443
574349,623986,"Compensation and benefits",115287,443231,115529,574349,334061,659835,159506,828098,279105,1752612,729787,280883,6156754,-757799,5398955,-169752,-298181,-669005,-288574,-1425512,3973443
334061,292045,"Share-based compensation",574349,115287,115529,574349,334061,659835,159506,828098,279105,1752612,729787,280883,6156754,-757799,5398955,-169752,-298181,-669005,-288574,-1425512,3973443
659835,527748,"Tax credit carryforwards",334061,574349,115287,115529,334061,659835,159506,828098,279105,1752612,729787,280883,6156754,-757799,5398955,-169752,-298181,-669005,-288574,-1425512,3973443
159506,175196,"Net operating loss carryforwards",659835,334061,574349,115287,115529,334061,659835,159506,828098,279105,1752612,729787,280883,6156754,-757799,5398955,-169752,-298181,-669005,-288574,-1425512,3973443
828098,798852,"Deferred amortization deductions",159506,659835,334061,574349,115287,115529,334061,659835,159506,828098,279105,1752612,729787,280883,6156754,-757799,5398955,-169752,-298181,-669005,-288574,-1425512,3973443
279105,302093,"Indirect effects of unrecognized tax benefits",828098,159506,659835,334061,574349,115287,115529,334061,659835,159506,828098,279105,1752612,729787,280883,6156754,-757799,5398955,-169752,-298181,-669005,-288574,-1425512,3973443
1752612,1958738,"Licenses and other intangibles",279105,828098,159506,659835,334061,574349,115287,115529,334061,659835,159506,828098,279105,1752612,729787,280883,6156754,-757799,5398955,-169752,-298181,-669005,-288574,-1425512,3973443
729787,27857,"Leases",1752612,279105,828098,159506,659835,334061,574349,115287,115529,334061,659835,159506,828098,279105,1752612,729787,280883,6156754,-757799,5398955,-169752,-298181,-669005,-288574,-1425512,3973443
280883,210642,"Other",729787,1752612,279105,828098,159506,659835,334061,574349,115287,115529,334061,659835,159506,828098,279105,1752612,729787,280883,6156754,-757799,5398955,-169752,-298181,-669005,-288574,-1425512,3973443
6156754,5479606,"Total deferred tax assets",280883,729787,210642,1752612,1958738,729787,27857,280883,6156754,-757799,5398955,-169752,-298181,-669005,-288574,-1425512,3973443
-757799,-606765,"Valuation allowance",280883,729787,210642,1752612,1958738,729787,27857,280883,6156754,-757799,5398955,-169752,-298181,-669005,-288574,-1425512,3973443
5398955,4872841,"Deferred tax assets, net of valuation allowance",280883,729787,210642,1752612,1958738,729787,27857,280883,6156754,-757799,5398955,-169752,-298181,-669005,-288574,-1425512,3973443
-169752,-182186,"Investments in subsidiaries",280883,729787,210642,1752612,1958738,729787,27857,280883,6156754,-757799,5398955,-169752,-298181,-669005,-288574,-1425512,3973443
-298181,-234098,"Intangibles",280883,729787,210642,1752612,1958738,729787,27857,280883,6156754,-757799,5398955,-169752,-298181,-669005,-288574,-1425512,3973443
-669005,-17,"Leases",280883,729787,210642,1752612,1958738,729787,27857,280883,6156754,-757799,5398955,-169752,-298181,-669005,-288574,-1425512,3973443
-288574,-240308,"Other",280883,729787,210642,1752612,1958738,729787,27857,280883,6156754,-757799,5398955,-169752,-298181,-669005,-288574,-1425512,3973443
-1425512,-656609,"Total deferred tax liabilities",280883,729787,210642,1752612,1958738,729787,27857,280883,6156754,-757799,5398955,-169752,-298181,-669005,-288574,-1425512,3973443
3973443,4216232,"Net deferred tax assets",280883,729787,210642,1752612,1958738,729787,27857,280883,6156754,-757799,5398955,-169752,-298181,-669005,-288574,-1425512,3973443