```csv
Method,ImageNet,Caltech101,RAF-DB,SUN397,EuroSAT/DTD,UCF-101,Flower102,StanfordCars,Food101,OxfordPets,Average
4-shot CLIP+KNN,42.1,87.9,14.2,51.4,67.6,47.5,64.6,84.5,49.2,62.6,55.6,57.0
LLaVA1.5 Finetuning,-,88.4,24.9,-,48.2,46.6,58.9,13.2,-,66.4,28.9
RAR (LLaVA1.5),51.0,92.1,27.7,58.8,74.8,53.9,69.6,80.4,54.4,71.4,60.9,63.2
Δ,+9.9,+4.2,+13.5,+7.4,+7.2,+6.4,+5.0,-4.1,+5.2,+8.8,+5.3,+6.2
8-shot CLIP+KNN,47.6,90.6,28.2,56.8,72.8,53.2,68.3,89.5,56.1,68.3,61.8,63.0
LLaVA1.5 Finetuning,-,92.1,24.9,-,48.2,54.7,66.5,30.1,-,72.5,46.1
RAR (LLaVA1.5),56.5,93.5,46.9,63.4,81.5,59.3,74.3,87.3,61.2,76.6,67.7,69.8
Δ,+8.9,+2.9,+18.7,+6.6,+8.7,+6.1,+6.0,-2.2,+5.1,+8.3,+5.9,+6.8
```