```csv
Inferred Resources Mt,Inferred Resources %Ash,Inferred Resources %VM,Inferred Resources %S,Total Resources Mt,Total Resources %Ash,Total Resources %VM,Total Resources %S,BHP interest %,Total Resources Mt,Total Resources %Ash,Total Resources %VM,Total Resources %S
40,12.6,25.1,0.54,820,9.1,22.8,0.53,50,838,9.1,22.8,0.53,
15,13.4,24.5,0.59,1,002,9.8,21.9,0.53,50,1,010,9.8,21.9,0.53,
424,11.4,20.2,0.75,1,968,10.5,19.4,0.64,50,1,990,10.5,19.4,0.63,
147,11.9,18.8,0.49,681,12.1,20.7,0.54,50,695,12.1,20.7,0.54,
40,11.7,18.6,0.83,932,10.8,17.6,0.66,50,947,10.8,17.6,0.66,
116,10.3,17.7,0.76,465,9.8,17.6,0.70,50,465,9.8,17.6,0.70,
22,9.9,17.1,0.65,42,9.7,17.2,0.69,50,42,9.7,17.2,0.69,
779,6.6,29.8,0.43,1,642,6.0,29.7,0.43,50,1,657,6.0,29.7,0.43,
222,7.2,29.1,0.36,222,7.2,29.1,0.36,50,222,7.2,29.1,0.36,
11,9.9,20.2,0.35,137,8.1,20.8,0.36,50,,
59,10.0,20.5,0.30,85,7.0,20.9,0.40,
71,10.4,15.7,0.40,391,10.0,14.0,0.32,80,398,10.0,14.0,0.32,
108,9.5,15.2,0.35,298,10.0,13.7,0.31,80,298,10.0,13.7,0.31,
59,8.0,24.1,0.36,150,8.0,24.0,0.36,80,157,8.0,24.0,0.36,
,,-,-,-,25,12.4,19.8,0.49,50,25,12.4,19.8,0.49,
563,10.0,20.4,0.52,1,686,9.9,19.8,0.52,50,1,686,9.9,19.8,0.52,
504,10.0,15.3,0.68,1,637,10.2,15.7,0.66,50,1,638,10.2,15.7,0.66,
16,8.5,13.9,0.59,51,8.4,13.7,0.59,50,51,8.4,13.7,0.59,
71,10.0,7.2,0.67,71,10.0,7.2,0.67,80,71,10.0,7.2,0.67,
13,9.6,15.0,0.42,23,9.3,15.2,0.41,80,23,9.3,15.2,0.41,
149,9.2,20.0,0.52,1,313,8.9,20.8,0.52,80,1,306,8.9,20.8,0.52,
```