Year-End 2020,Year-End 2019,Oil,Gross,Oil,Net,Gas,Gross,Gas,Net
Gross and Net Productive Wells,Consolidated Subsidiaries,United States,19631,7878,20480,12195,20559,8502,21893,13182,13182
,Canada/Other Americas,4754,4644,3276,1275,4905,4724,3441,1347,1347
,Europe,559,126,487,221,741,207,517,236,236
,Africa,1141,432,26,10,1191,456,13,5,5
,Asia,974,310,132,78,943,301,133,79,79
,Australia/Oceania,540,102,90,38,582,120,87,36,36
,Total Consolidated Subsidiaries,27599,13492,24491,13817,28921,14310,26084,14885,14885
,Equity Companies,United States,12368,4851,4223,417,12947,5328,4500,577,577
,Europe,57,20,552,172,57,20,561,175,175
,Asia,217,54,157,32,194,49,126,30,30
,Total Equity Companies,12642,4925,4932,621,13198,5397,5187,782,782
Total gross and net productive wells,40241,18417,29423,14438,42119,19707,31271,15667,15667