```tsv
2021	2020	2019	2018
No. of contacts	No. of contacts	No. of contacts	No. of contacts
Service Level	Service Level	Service Level	Service Level
No. of services provided	No. of services provided	No. of services provided	No. of services provided
ZARA	37,188,449	40,009,841	21,559,476	19,320,000
ZARA HOME	2,544,199	2,856,719	1,368,310	905,907
PULL&BEAR	3,079,063	3,724,755	2,666,292	3,033,792
Mango	2,595,172	2,902,437	2,707,888	2,010,181
Bershka	2,656,660	2,551,062	2,150,189	1,874,696
Stradivarius	2,266,446	2,241,811	1,860,808	1,511,405
Oysho	1,062,508	1,393,302	1,299,341	881,214
Uterqüe	217,298	129,951	105,644	97,864
51,609,795	55,809,878	30,100,931	28,514,056
98%	90%	95%	94%
36,433,559	36,848,936	20,912,691	19,320,000
97%	93%	92%	96%
2,477,226	2,800,376	1,278,275	833,434
96%	72%	86%	94%
2,956,030	2,666,292	1,565,813	2,851,764
98%	93%	93%	89%
2,548,597	2,707,888	1,869,468	1,216,436
98%	84%	92%	85%
2,601,334	2,551,062	1,161,875	1,593,492
98%	83%	71%	97%
2,214,808	2,241,811	1,860,808	1,466,063
99%	93%	99%	80%
1,046,787	1,393,302	1,299,341	881,214
98%	81%	85%	93%
212,990	129,951	105,644	97,864
```